accuracy: 0.8678352810239288
recall: {0: 0.7705530642750373, 1: 0.8245614035087719, 2: 0.9633699633699634, 3: 1.0, 4: 0.9500520291363164}
precision: {0: 0.9180765805877115, 1: 0.7659259259259259, 2: 0.6430317848410758, 3: 1.0, 4: 0.9203629032258065}
